r2: 12.53 ± 3.14
r2: tensor([10.0753,  8.3342, 14.5393, 15.5123,  8.3481, 11.4699, 14.7524, 16.1533,
        15.7915, 10.2950], dtype=torch.float64)
mse: 27.30 ± 1.10
mse: tensor([27.4848, 27.8017, 28.0349, 26.3073, 29.5158, 28.1149, 26.5885, 26.6883,
        25.8146, 26.6948], dtype=torch.float64)
mae: 22.70 ± 1.19
mae: tensor([23.0772, 23.1763, 22.8305, 21.6468, 25.2346, 23.7765, 22.2775, 21.6578,
        21.3496, 21.9427], dtype=torch.float64)
r2: 13.17 ± 4.45
r2: tensor([13.5771,  7.2329, 12.0382, 20.5679, 16.6591, 13.9957,  4.9821, 15.7664,
        13.2333, 13.6003], dtype=torch.float64)
mse: 27.19 ± 1.01
mse: tensor([26.9443, 27.9682, 28.4422, 25.5081, 28.1457, 27.7109, 28.0708, 26.7498,
        26.2037, 26.1984], dtype=torch.float64)
mae: 22.02 ± 1.10
mae: tensor([22.1802, 22.5538, 23.2057, 20.4501, 22.3462, 22.8540, 23.4674, 21.1829,
        21.5925, 20.3307], dtype=torch.float64)
