r2: 50.39 ± 2.25
r2: tensor([49.4234, 51.5016, 47.5597, 53.8268, 49.7245, 47.9582, 54.4030, 49.6414,
        50.2424, 49.5715], dtype=torch.float64)
mse: 19.35 ± 0.43
mse: tensor([19.5720, 19.2849, 19.6166, 18.6844, 19.6030, 19.8586, 18.4920, 19.4869,
        19.3179, 19.5339], dtype=torch.float64)
mae: 15.35 ± 0.39
mae: tensor([15.4514, 15.2601, 15.5905, 14.7480, 15.5156, 15.8832, 14.6728, 15.4940,
        15.2387, 15.6804], dtype=torch.float64)
r2: 54.74 ± 2.74
r2: tensor([53.5092, 57.2695, 51.5794, 58.4186, 53.9127, 51.5273, 59.3309, 53.3327,
        55.1533, 53.3265], dtype=torch.float64)
mse: 18.47 ± 0.55
mse: tensor([18.7648, 18.1018, 18.8498, 17.7310, 18.7687, 19.1656, 17.4641, 18.7591,
        18.3398, 18.7926], dtype=torch.float64)
mae: 13.69 ± 0.54
mae: tensor([14.0862, 13.2405, 14.0078, 12.7861, 14.1147, 14.0619, 12.8315, 14.0211,
        13.5669, 14.1512], dtype=torch.float64)
